0.000349512639622 0.000280322458779
-0.00515043817253 -0.0030439521405
-0.00148348193942 0.000254944824757
0.00128300239209 -0.0198702029897
0.000249311618367 -0.00152614217093
0.0198878247422 -0.0135521918154
0.000848694957622 0.000840835045385
-0.0693639340126 -0.0105832246038
-0.00125356501635 0.000178391765559
-0.364283785785 -0.931287991662
0.0 0.0
0.154847425588 -0.135468241069
-0.00296964655937 0.000581801077294
-0.0695218007239 0.0128524547462
-9.6591108188e-05 -0.00189460336145
-0.0165860958185 -0.0144128539349
0.000927576013673 0.000505477453596
0.00174439497225 -0.00201973738317
-0.000577687512434 -0.000369049449025
-0.00539347793752 0.00474417174973

