0.0020113007951 -0.00146281297662
-0.00512899018728 -0.00302944761939
0.00404109823224 -0.00328381712845
-0.0202377379722 -0.0132539652833
0.00614775638234 -0.00511651690588
-0.0280543510645 -0.038156111565
0.00996569405192 -0.00434288748474
-0.0542128076604 -0.134045763227
0.0131956528207 -0.00342187611573
-0.00794992936151 -0.999968398812
0.0 0.0
0.217195008627 -0.549998363322
0.0117450106967 0.00658059072787
0.0126491281203 -0.0124190126394
0.00817980454356 0.00709898269026
0.00242304440942 0.000491183934895
0.00403579359988 0.00728983089049
-0.00573747707991 0.00263326328005
0.00180332152401 0.00478801483173
0.000554673488534 0.000937877429356

