0.000643900487009 0.00168640030452
0.0277001386186 0.0452232475009
-1.25034586561e-05 0.00149447933964
0.0389124238498 -0.0407731674122
-0.0032656602975 0.0031843109789
-0.0104470999008 -0.041430221068
-0.000371281886693 -0.00587165909029
-0.351790465537 -0.315182968848
0.0108614709167 -0.00565689934149
0.340568697224 -0.94021963523
0.0 0.0
0.12856183556 -0.541829132985
-0.0012573241589 0.000799868113616
-0.199418018354 0.136763614999
0.000246261771907 0.000155873809799
0.0814359227957 0.112424152185
0.0017766368601 0.000591030501986
-0.0234874920779 -0.02372099076
0.00233188349777 -0.00213923710606
-0.0163467490382 0.0147261008585

