0.00243417292397 -0.0217877641113
0.0341578581751 -0.00229249837343
-0.0142271484911 -0.0702765071418
-0.0189363912525 0.0104281334171
0.0018433345462 0.000843120394097
-0.00771937642231 0.00418583794247
-0.186740351872 -0.124882063575
-0.085385091601 0.157441393881
-0.407967331702 -0.162595794412
0.268583218042 -0.963256484528
0.0 0.0
0.0285106409735 -0.517202040254
-0.000853446908009 0.0297124568686
-0.0556498117462 -0.107640955696
-0.203389677146 0.136075089872
0.0330840729027 0.0385405787203
-0.00448900533867 0.00387850663919
0.00543828657212 0.00723894548155
0.0164017781785 -0.0307631472976
-0.0116885151054 -0.00582889556226

