-0.00304686110307 -0.00679843074418
-0.0133547637919 -0.0144157670624
-0.00722727462988 0.0164426866077
-0.0434864592698 -0.0252630015356
-0.0511587622328 -0.0358703219714
0.08287842178 0.0298761115139
-0.0149604583666 -0.12149560652
-0.0828220615141 -0.224231024707
0.24218560073 -0.130911409003
-0.896967745293 -0.442095989468
0.0 0.0
-0.0328749395609 -0.124267011494
-0.339390141662 -0.100075235121
0.142919486987 -0.100684559143
0.102559574613 -0.0673948640671
-0.00289868656536 -0.000980382985938
-0.015354868006 0.0215254400293
-0.0112723097354 0.0131212800512
0.000711648543511 -0.0123965916046
-0.00371103958868 -0.00859780130623

