-0.0015117772834 -0.00206585417578
0.000441755562143 -0.0564806285204
0.000996242661531 0.00203411642551
0.0221067671846 0.0574505714704
0.00316028758788 -0.000228613313411
-0.0194355079992 0.0196258847656
-0.00154766713663 -0.000895770841683
-0.219914343044 -0.430044301715
4.74240714463e-05 -0.000304103452647
-0.511270233755 -0.859420006793
0.0 0.0
0.340589313659 -0.415681133797
-0.00354438127731 -0.00167061921455
-0.0819051300899 0.236693895884
-0.00119304719715 0.00419176263394
-0.0248146080369 -0.135695584523
0.000927366052378 -0.00323146615209
-0.0341146953544 0.0255439219021
-0.000659765131497 -0.000112191813672
0.00366389050162 -0.0186375554781

