-0.00461636408554 -0.00371360873898
0.0154312284948 -0.00467153933037
0.00119323032682 -0.029966230018
0.0344593395779 0.0128394489456
0.0104704850054 0.0291214002893
-0.0167308075215 -0.0187880828171
-0.0405477922875 -0.00878855898286
-0.162184672344 -0.0686427518312
0.320339204025 -0.277994719983
-0.593955446482 -0.804497935109
0.0 0.0
0.291584110217 -0.239206321505
0.104800350993 0.0509137128234
-0.114353066 0.0678731226481
-0.08502927635 -0.0177030245669
0.0416563058158 -0.0201166109455
-0.0191307436753 0.0150051929474
-0.0148122979295 0.00106259295417
0.00197557308465 -0.00857281075173
0.00268275705714 0.00168381215328

