0.0159664858834 -0.00153248363834
-0.0115950911569 -0.00788475276449
0.00257747607873 -0.00193342693667
-0.00895798611761 -0.0270534274658
0.028324254098 -0.0166544938488
-0.00880734092756 -0.0678882598705
-0.0105870344264 0.0171427422463
-0.158606653918 -0.0742903648454
-0.225866652265 0.168192415348
-0.3036791252 -0.952774364117
0.0 0.0
-0.0421486329815 -0.545483087023
-0.195405870396 0.169291802113
-0.0591084396737 0.0452494973417
-0.00774272444821 0.0237255295964
0.0111257472501 -0.0156061849703
0.00401139323963 -0.0124526759162
-0.00437159833817 -0.00756555767958
-0.00702888979018 0.00600176800515
-0.00536911953694 0.00384546857372

