0.000224820233868 0.000553905627809
0.000709650753436 0.00572452721981
0.000110496074416 0.000914143752712
-0.00138592787094 0.0209026236459
-0.000635296706084 9.92874297487e-05
-0.00110286078552 0.0265929384101
-0.00126652425969 -0.00107728317293
-0.007653456744 -0.0707939977657
-0.00118455653879 -0.00289785232678
0.0878724830293 -0.996131731613
0.0 0.0
0.0957140058062 -0.182745826391
-0.000376555364613 -0.00248325514191
-0.00698883209812 0.0731174855851
0.000577791876367 -0.00134630146622
-0.00195868512466 0.0204989946218
0.000931510572402 0.000173320256481
-0.000889497882805 0.00181926158685
0.000976327197162 0.000345153336301
0.00144813301614 -0.00645542399587

