0.00420285998446 0.00541019674081
0.0110325097477 -0.0116255005921
0.0259276646293 0.0136108626347
0.00358029911757 -0.0357969186406
-0.00988263509921 0.0295147201248
0.0188606030242 0.0172828221941
-0.0403906605605 0.0170339501324
0.1200167302 -0.130369166161
-0.368393343857 -0.214408018053
0.00581208536705 -0.999983109689
0.0 0.0
0.103553984363 -0.361134583044
-0.0807430995471 0.0830452603101
0.102399964237 0.0889226637918
-0.0605522168499 -0.0627695505087
-0.0393282492097 0.0228766582197
-0.00640437392392 0.0252159197183
0.00256365404919 -0.0131031186035
-0.00810660813491 0.000773505831723
0.00262389578817 0.00330046568084
